25,3,130,-5,1,0,
25,3,870,-5,1,0,
50,3,130,-5,1,0,
50,3,870,-5,1,0,
75,3,130,-5,1,0,
75,3,870,-5,1,0,
100,3,130,-5,1,0,
100,3,870,-5,1,0,
100,0,170,-50,2,8,
100,0,830,-50,2,1,
125,3,130,-5,1,0,
125,3,870,-5,1,0,
150,3,130,-5,1,0,
150,3,870,-5,1,0,
175,3,130,-5,1,0,
175,3,870,-5,1,0,
175,0,460,-50,2,0,
175,0,540,-50,2,0,
200,3,130,-5,1,0,
200,3,870,-5,1,0,
225,3,130,-5,1,0,
225,3,870,-5,1,0,
250,3,130,-5,1,0,
250,3,870,-5,1,0,
250,0,350,-50,30,
275,3,130,-5,1,0,
275,3,870,-5,1,0,
300,3,130,-5,1,0,
300,3,870,-5,1,0,
325,3,130,-5,1,0,
325,3,870,-5,1,0,
325,0,350,-50,3,0,
350,3,130,-5,1,0,
350,3,870,-5,1,0,
375,3,130,-5,1,0,
375,3,870,-5,1,0,
400,3,130,-5,1,0,
400,3,870,-5,1,0,
400,0,650,-50,3,0,
425,3,130,-5,1,0,
425,3,870,-5,1,0,
450,3,130,-5,1,0,
450,3,870,-5,1,0,
475,3,130,-5,1,0,
475,3,870,-5,1,0,
650,0,650,-50,3,0,
500,3,130,-5,1,0,
500,3,870,-5,1,0,
525,3,130,-5,1,0,
525,3,870,-5,1,0,
550,3,130,-5,1,0,
550,3,870,-5,1,0,
550,0,200,-50,4,0,
550,0,300,-50,4,0,
575,3,130,-5,1,0,
575,3,870,-5,1,0,
600,3,130,-5,1,0,
600,3,870,-5,1,0,
625,3,130,-5,1,0,
625,3,870,-5,1,0,
625,0,800,-50,4,0,
625,0,700,-50,4,0,
650,3,130,-5,1,0,
650,3,870,-5,1,0,
675,3,130,-5,1,0,
675,3,870,-5,1,0,
700,3,130,-5,1,0,
700,3,870,-5,1,0,
//n=30
725,3,130,-5,1,0,
725,3,870,-5,1,0,
750,3,130,-5,1,0,
750,3,870,-5,1,0,
775,3,130,-5,1,0,
775,3,870,-5,1,0,

800,3,130,-5,1,0,
800,3,870,-5,1,0,
825,3,130,-5,1,0,
825,3,870,-5,1,0,
850,3,130,-5,1,0,
850,3,870,-5,1,0,

875,3,130,-5,1,0,
875,3,870,-5,1,0,
900,3,130,-5,1,0,
900,3,870,-5,1,0,
925,3,130,-5,1,0,
925,3,870,-5,1,0,

950,3,130,-5,1,0,
950,3,870,-5,1,0,
975,3,130,-5,1,0,
975,3,870,-5,1,0,
1000,3,130,-5,1,0,
1000,3,870,-5,1,0,

1025,3,130,-5,1,0,
1025,3,870,-5,1,0,
1050,3,130,-5,1,0,
1050,3,870,-5,1,0,
1075,3,130,-5,1,0,
1075,3,870,-5,1,0,

1100,3,130,-5,1,0,
1100,3,870,-5,1,0,
1125,3,130,-5,1,0,
1125,3,870,-5,1,0,
1150,3,130,-5,1,0,
1150,3,870,-5,1,0,

1175,3,130,-5,1,0,
1175,3,870,-5,1,0,
1200,3,130,-5,1,0,
1200,3,870,-5,1,0,
1225,3,130,-5,1,0,
1225,3,870,-5,1,0,

1250,3,130,-5,1,0,
1250,3,870,-5,1,0,
1275,3,130,-5,1,0,
1275,3,870,-5,1,0,
1300,3,130,-5,1,0,
1300,3,870,-5,1,0,

1325,3,130,-5,1,0
1325,3,870,-5,1,0
1350,3,130,-5,1,0
1350,3,870,-5,1,0
1375,3,130,-5,1,0
1375,3,870,-5,1,0

1400,3,130,-5,1,0
1400,3,870,-5,1,0
1425,3,130,-5,1,0
1425,3,870,-5,1,0
1450,3,130,-5,1,0
1450,3,870,-5,1,0

1475,3,130,-5,1,0
1475,3,870,-5,1,0
1500,3,130,-5,1,0
1500,3,870,-5,1,0
1525,3,130,-5,1,0
1525,3,870,-5,1,0

1550,3,130,-5,1,0
1550,3,870,-5,1,0
1575,3,130,-5,1,0
1575,3,870,-5,1,0
1600,3,130,-5,1,0
1600,3,870,-5,1,0

1625,3,130,-5,1,0
1625,3,870,-5,1,0
1650,3,130,-5,1,0
1650,3,870,-5,1,0
1675,3,130,-5,1,0
1675,3,870,-5,1,0

1700,3,130,-5,1,0
1700,3,870,-5,1,0
1725,3,130,-5,1,0
1725,3,870,-5,1,0
1750,3,130,-5,1,0
1750,3,870,-5,1,0

1775,3,130,-5,1,0
1775,3,870,-5,1,0
1800,3,130,-5,1,0
1800,3,870,-5,1,0
1825,3,130,-5,1,0
1825,3,870,-5,1,0

1850,3,130,-5,1,0
1850,3,870,-5,1,0
1875,3,130,-5,1,0
1875,3,870,-5,1,0
1900,3,130,-5,1,0
1900,3,870,-5,1,0

1925,3,130,-5,1,0
1925,3,870,-5,1,0
1950,3,130,-5,1,0
1950,3,870,-5,1,0
1975,3,130,-5,1,0
1975,3,870,-5,1,0

2000,3,130,-5,1,0
2000,3,870,-5,1,0
2025,3,130,-5,1,0
2025,3,870,-5,1,0
2050,3,130,-5,1,0
2050,3,870,-5,1,0

2075,3,130,-5,1,0
2075,3,870,-5,1,0
2100,3,130,-5,1,0
2100,3,870,-5,1,0
2125,3,130,-5,1,0
2125,3,870,-5,1,0

2150,3,130,-5,1,0
2150,3,870,-5,1,0
2175,3,130,-5,1,0
2175,3,870,-5,1,0
2200,3,130,-5,1,0
2200,3,870,-5,1,0

2225,3,130,-5,1,0
2225,3,870,-5,1,0
2250,3,130,-5,1,0
2250,3,870,-5,1,0
2275,3,130,-5,1,0
2275,3,870,-5,1,0

2300,3,130,-5,1,0
2300,3,870,-5,1,0
2325,3,130,-5,1,0
2325,3,870,-5,1,0
2350,3,130,-5,1,0
2350,3,870,-5,1,0

2375,3,130,-5,1,0
2375,3,870,-5,1,0
2400,3,130,-5,1,0
2400,3,870,-5,1,0
2425,3,130,-5,1,0
2425,3,870,-5,1,0

2450,3,130,-5,1,0
2450,3,870,-5,1,0
2475,3,130,-5,1,0
2475,3,870,-5,1,0
2500,3,130,-5,1,0
2500,3,870,-5,1,0

2525,3,130,-5,1,0
2525,3,870,-5,1,0
2550,3,130,-5,1,0
2550,3,870,-5,1,0
2575,3,130,-5,1,0
2575,3,870,-5,1,0

2600,3,130,-5,1,0
2600,3,870,-5,1,0
2625,3,130,-5,1,0
2625,3,870,-5,1,0
2650,3,130,-5,1,0
2650,3,870,-5,1,0

2675,3,130,-5,1,0
2675,3,870,-5,1,0
2700,3,130,-5,1,0
2700,3,870,-5,1,0
2725,3,130,-5,1,0
2725,3,870,-5,1,0

2750,3,130,-5,1,0
2750,3,870,-5,1,0
2775,3,130,-5,1,0
2775,3,870,-5,1,0
2800,3,130,-5,1,0
2800,3,870,-5,1,0

2825,3,130,-5,1,0
2825,3,870,-5,1,0
2850,3,130,-5,1,0
2850,3,870,-5,1,0
2875,3,130,-5,1,0
2875,3,870,-5,1,0

2900,3,130,-5,1,0
2900,3,870,-5,1,0
2925,3,130,-5,1,0
2925,3,870,-5,1,0
2950,3,130,-5,1,0
2950,3,870,-5,1,0

2975,3,130,-5,1,0
2975,3,870,-5,1,0
3000,3,130,-5,1,0
3000,3,870,-5,1,0
3025,3,130,-5,1,0
3025,3,870,-5,1,0

3050,3,130,-5,1,0
3050,3,870,-5,1,0
3075,3,130,-5,1,0
3075,3,870,-5,1,0
3100,3,130,-5,1,0
3100,3,870,-5,1,0

3125,3,130,-5,1,0
3125,3,870,-5,1,0
3150,3,130,-5,1,0
3150,3,870,-5,1,0
3175,3,130,-5,1,0
3175,3,870,-5,1,0

3200,3,130,-5,1,0
3200,3,870,-5,1,0
3225,3,130,-5,1,0
3225,3,870,-5,1,0
3250,3,130,-5,1,0
3250,3,870,-5,1,0

3275,3,130,-5,1,0
3275,3,870,-5,1,0
3300,3,130,-5,1,0
3300,3,870,-5,1,0
3325,3,130,-5,1,0
3325,3,870,-5,1,0

3350,3,130,-5,1,0
3350,3,870,-5,1,0
3375,3,130,-5,1,0
3375,3,870,-5,1,0
3400,3,130,-5,1,0
3400,3,870,-5,1,0

3425,3,130,-5,1,0
3425,3,870,-5,1,0
3450,3,130,-5,1,0
3450,3,870,-5,1,0
3475,3,130,-5,1,0
3475,3,870,-5,1,0

3500,3,130,-5,1,0
3500,3,870,-5,1,0
3525,3,130,-5,1,0
3525,3,870,-5,1,0
3550,3,130,-5,1,0
3550,3,870,-5,1,0

3575,3,130,-5,1,0
3575,3,870,-5,1,0
3600,3,130,-5,1,0
3600,3,870,-5,1,0
3625,3,130,-5,1,0
3625,3,870,-5,1,0

3650,3,130,-5,1,0
3650,3,870,-5,1,0
3675,3,130,-5,1,0
3675,3,870,-5,1,0
3700,3,130,-5,1,0
3700,3,870,-5,1,0

3725,3,130,-5,1,0
3725,3,870,-5,1,0
3750,3,130,-5,1,0
3750,3,870,-5,1,0
3775,3,130,-5,1,0
3775,3,870,-5,1,0

3800,3,130,-5,1,0
3800,3,870,-5,1,0
3825,3,130,-5,1,0
3825,3,870,-5,1,0
3850,3,130,-5,1,0
3850,3,870,-5,1,0

3875,3,130,-5,1,0
3875,3,870,-5,1,0
3900,3,130,-5,1,0
3900,3,870,-5,1,0
3925,3,130,-5,1,0
3925,3,870,-5,1,0

3950,3,130,-5,1,0
3950,3,870,-5,1,0
3975,3,130,-5,1,0
3975,3,870,-5,1,0
4000,3,130,-5,1,0
4000,3,870,-5,1,0


3700,1,512,-50,2,0,//bono
3800,5,0,0,6,0,