100,0,150,-50,1,0,
100,0,220,-60,1,0,
100,0,150,-150,1,0,
100,0,220,-160,1,0,
200,0,850,-50,1,0,
200,0,790,-60,1,0,
200,0,850,-150,1,0,
200,0,790,-160,1,0,
300,0,150,-50,2,8,
300,0,850,-50,2,1,
400,0,460,-50,2,1,
400,0,540,-50,2,8,
500,0,170,-50,1,1,
500,0,230,-60,1,1,
500,0,170,-150,1,0,
500,0,230,-160,1,0,
600,0,830,-50,1,1,
600,0,770,-60,1,1,
600,0,830,-150,1,0,
600,0,770,-160,1,0,
700,0,460,-50,2,1,
700,0,540,-50,2,8,
700,1,512,-50,3,0,
800,0,150,-50,2,8,
800,0,850,-50,2,1,
900,0,170,-100,1,1,
900,0,230,-40,1,1,
900,0,290,-100,1,1,
1000,0,830,-100,1,1,
1000,0,770,-40,1,1,
1000,0,710,-100,1,1,
1100,0,170,-50,2,12,
1100,0,230,-50,2,12,
1200,0,830,-50,2,5,
1200,0,770,-50,2,5,
1300,0,170,-50,2,12,
1300,0,230,-50,2,12,
1400,0,830,-50,2,5,
1400,0,770,-50,2,5,
1500,0,170,-80,1,1,
1500,0,230,-60,1,0,
1500,0,290,-40,1,1,
1500,0,710,-40,1,1,
1500,0,770,-60,1,0,
1500,0,830,-80,1,1,
1600,3,220,-50,2,0,
1600,3,340,-20,2,0,
1600,3,460,-40,2,0,
1600,3,580,-20,2,0,
1600,3,700,-50,2,0,
1700,1,512,-50,2,0,
1800,3,220,-50,2,0,
1800,3,340,-20,2,0,
1800,3,460,-40,2,0,
1800,3,580,-20,2,0,
1800,3,700,-50,2,0,
1900,0,150,-50,1,0,
1900,0,220,-60,1,0,
1900,0,150,-150,1,0,
1900,0,220,-160,1,0,
2000,0,850,-50,1,0,
2000,0,790,-60,1,0,
2000,0,850,-150,1,0,
2000,0,790,-160,1,0,
2100,0,150,-50,2,8,
2100,0,850,-50,2,1,
2200,0,460,-50,2,1,
2200,0,540,-50,2,8,
2300,0,170,-50,1,1,
2300,0,230,-60,1,1,
2300,0,170,-150,1,0,
2300,0,230,-160,1,0,
2400,0,830,-50,1,1,
2400,0,770,-60,1,1,
2400,0,830,-150,1,0,
2400,0,770,-160,1,0,
2500,0,460,-50,2,1,
2500,0,540,-50,2,8,
2600,0,150,-50,2,8,
2600,0,850,-50,2,1,
2700,0,170,-100,1,1,
2700,0,230,-40,1,1,
2700,0,290,-100,1,1,
2700,1,512,-50,1,0,
2800,0,830,-100,1,1,
2800,0,770,-40,1,1,
2800,0,710,-100,1,1,
2900,0,170,-50,2,12,
2900,0,230,-50,2,12,
3000,0,830,-50,2,5,
3000,0,770,-50,2,5,
3100,0,170,-50,2,12,
3100,0,230,-50,2,12,
3200,0,830,-50,2,5,
3200,0,770,-50,2,5,
3300,0,170,-80,1,1,
3300,0,230,-60,1,0,
3300,0,290,-40,1,1,
3300,0,710,-40,1,1,
3300,0,770,-60,1,0,
3300,0,830,-80,1,1,
3400,3,220,-50,2,0,
3400,3,340,-20,2,0,
3400,3,460,-40,2,0,
3400,3,580,-20,2,0,
3400,3,700,-50,2,0,
3500,3,220,-50,2,0,
3500,3,340,-20,2,0,
3500,3,460,-40,2,0,
3500,3,580,-20,2,0,
3500,3,700,-50,2,0,
3700,1,512,-50,2,0,
3800,5,0,0,1,0,100,0,150,-50,2,8,
100,0,850,-50,2,1,
200,0,460,-50,2,1,
200,0,540,-50,2,8,
300,0,300,-50,3,0,
400,0,700,-50,3,0,
500,0,170,-50,2,12,
500,0,230,-50,2,12,
600,0,830,-50,2,5,
600,0,770,-50,2,5,
700,0,170,-50,2,12,
700,0,230,-50,2,12,
700,1,512,-50,3,0,
800,0,830,-50,2,5,
800,0,770,-50,2,5,
1000,0,170,-80,1,1,
1000,0,230,-60,1,1,
1000,0,290,-40,1,1,
1000,0,710,-40,1,1,
1000,0,770,-60,1,1,
1000,0,830,-80,1,1,
1100,0,150,-50,2,7,
1100,0,750,-50,2,14,
1200,0,460,-50,2,14,
1200,0,540,-50,2,7,
1300,0,100,-50,2,7,
1300,0,850,-50,2,14,
1500,0,300,-50,3,0,
1600,0,700,-50,3,0,
1700,0,300,-50,3,0,
1700,1,512,-50,2,0,
1800,0,700,-50,3,0,
1900,0,150,-50,2,8,
1900,0,850,-50,2,1,
2000,0,460,-50,2,1,
2000,0,540,-50,2,8,
2100,0,300,-50,3,0,
2200,0,700,-50,3,0,
2300,0,170,-50,2,12,
2300,0,230,-50,2,12,
2400,0,830,-50,2,5,
2400,0,770,-50,2,5,
2500,0,170,-50,2,12,
2500,0,230,-50,2,12,
2600,0,830,-50,2,5,
2600,0,770,-50,2,5,
2700,1,512,-50,1,0,
2800,0,170,-80,1,1,
2800,0,230,-60,1,1,
2800,0,290,-40,1,1,
2800,0,710,-40,1,1,
2800,0,770,-60,1,1,
2800,0,830,-80,1,1,
2900,0,150,-50,2,7,
2900,0,750,-50,2,14,
3000,0,460,-50,2,14,
3000,0,540,-50,2,7,
3100,0,150,-50,2,7,
3100,0,850,-50,2,14,
3300,0,300,-50,3,0,
3400,0,700,-50,3,0,
3500,0,300,-50,3,0,
3600,0,700,-50,3,0,
3700,1,512,-50,2,0,
3800,5,0,0,2,0,100,2,400,-50,10,290000,
100,2,500,-50,10,270000,
100,2,600,-50,10,250000,
100,2,700,-50,10,240000,
150,2,400,-50,10,290000,
150,2,500,-50,10,270000,
150,2,600,-50,10,250000,
150,2,700,-50,10,240000,
200,2,400,-50,10,290000,
200,2,500,-50,10,270000,
200,2,600,-50,10,250000,
200,2,700,-50,10,240000,
250,2,400,-50,10,290000,
250,2,500,-50,10,270000,
250,2,600,-50,10,250000,
250,2,700,-50,10,240000,
300,2,400,-50,10,290000,
300,2,500,-50,10,270000,
300,2,600,-50,10,250000,
300,2,700,-50,10,240000,
350,2,400,-50,10,290000,
350,2,500,-50,10,270000,
350,2,600,-50,10,250000,
350,2,700,-50,10,240000,
400,1,512,-50,3,0,
400,2,300,-50,50,300000,
400,2,400,-50,50,270000,
400,2,600,-50,50,250000,
450,2,300,-50,50,300000,
450,2,400,-50,50,270000,
450,2,600,-50,50,250000,
500,2,300,-50,50,300000,
500,2,400,-50,50,270000,
500,2,600,-50,50,250000,
550,2,300,-50,50,300000,
550,2,400,-50,50,270000,
550,2,600,-50,50,250000,
600,2,300,-50,50,300000,
600,2,400,-50,50,270000,
600,2,600,-50,50,250000,
650,2,600,-50,50,270000,
650,2,700,-50,50,240000,
700,2,600,-50,50,270000,
700,2,700,-50,50,240000,
750,2,600,-50,50,270000,
750,2,700,-50,50,240000,
750,1,512,-50,2,0,
800,2,600,-50,100,270000,
800,2,700,-50,100,240000,
850,2,600,-50,100,270000,
850,2,700,-50,100,240000,
900,2,300,-50,50,300000,
900,2,400,-50,50,270000,
900,2,600,-50,50,250000,
950,2,300,-50,50,300000,
950,2,400,-50,50,270000,
950,2,600,-50,50,250000,
1000,2,300,-50,50,300000,
1000,2,400,-50,50,270000,
1000,2,600,-50,50,250000,
1050,2,300,-50,50,300000,
1050,2,400,-50,50,270000,
1050,2,600,-50,50,250000,
1100,2,300,-50,50,300000,
1100,2,400,-50,50,270000,
1100,2,600,-50,50,250000,
1100,1,512,-50,1,0,
1150,2,400,-50,10,290000,
1150,2,500,-50,10,270000,
1150,2,600,-50,10,250000,
1150,2,700,-50,10,240000,
1200,2,400,-50,10,290000,
1200,2,500,-50,10,270000,
1200,2,600,-50,10,250000,
1200,2,700,-50,10,240000,
1250,2,400,-50,10,290000,
1250,2,500,-50,10,270000,
1250,2,600,-50,10,250000,
1250,2,700,-50,10,240000,
1300,2,400,-50,10,290000,
1300,2,500,-50,10,270000,
1300,2,600,-50,10,250000,
1300,2,700,-50,10,240000,
1350,2,400,-50,10,290000,
1350,2,500,-50,10,270000,
1350,2,600,-50,10,250000,
1350,2,700,-50,10,240000,
1400,2,400,-50,10,290000,
1400,2,500,-50,10,270000,
1400,2,600,-50,10,250000,
1400,2,700,-50,10,240000,
1400,1,512,-50,2,0,
1450,5,0,0,3,0,25,3,130,-5,1,0,
25,3,870,-5,1,0,
50,3,130,-5,1,0,
50,3,870,-5,1,0,
75,3,130,-5,1,0,
75,3,870,-5,1,0,
100,3,130,-5,1,0,
100,3,870,-5,1,0,
100,0,170,-50,2,8,
100,0,830,-50,2,1,
125,3,130,-5,1,0,
125,3,870,-5,1,0,
150,3,130,-5,1,0,
150,3,870,-5,1,0,
175,3,130,-5,1,0,
175,3,870,-5,1,0,
175,0,460,-50,2,1,
175,0,540,-50,2,8,
200,3,130,-5,1,0,
200,3,870,-5,1,0,
225,3,130,-5,1,0,
225,3,870,-5,1,0,
250,3,130,-5,1,0,
250,3,870,-5,1,0,
250,0,350,-50,3,0,
275,3,130,-5,1,0,
275,3,870,-5,1,0,
300,3,130,-5,1,0,
300,3,870,-5,1,0,
325,3,130,-5,1,0,
325,3,870,-5,1,0,
325,0,350,-50,3,0,
350,3,130,-5,1,0,
350,3,870,-5,1,0,
375,3,130,-5,1,0,
375,3,870,-5,1,0,
400,3,130,-5,1,0,
400,3,870,-5,1,0,
400,0,650,-50,3,0,
425,3,130,-5,1,0,
425,3,870,-5,1,0,
450,3,130,-5,1,0,
450,3,870,-5,1,0,
475,3,130,-5,1,0,
475,3,870,-5,1,0,
475,0,650,-50,3,0,
500,3,130,-5,1,0,
500,3,870,-5,1,0,
525,3,130,-5,1,0,
525,3,870,-5,1,0,
550,3,130,-5,1,0,
550,3,870,-5,1,0,
550,0,200,-50,4,0,
550,0,300,-50,4,0,
575,3,130,-5,1,0,
575,3,870,-5,1,0,
600,3,130,-5,1,0,
600,3,870,-5,1,0,
625,3,130,-5,1,0,
625,3,870,-5,1,0,
625,0,800,-50,4,0,
625,0,700,-50,4,0,
650,3,130,-5,1,0,
650,3,870,-5,1,0,
675,3,130,-5,1,0,
675,3,870,-5,1,0,
700,3,130,-5,1,0,
700,3,870,-5,1,0,
700,1,512,50,3,0,
725,3,130,-5,1,0,
725,3,870,-5,1,0,
750,3,130,-5,1,0,
750,3,870,-5,1,0,
750,0,150,-50,2,12,
750,0,300,-50,2,12,
775,3,130,-5,1,0,
775,3,870,-5,1,0,
800,3,130,-5,1,0,
800,3,870,-5,1,0,
825,3,130,-5,1,0,
825,3,870,-5,1,0,
825,0,850,-50,2,5,
825,0,770,-50,2,5,
850,3,130,-5,1,0,
850,3,870,-5,1,0,
875,3,130,-5,1,0,
875,3,870,-5,1,0,
900,3,130,-5,1,0,
900,3,870,-5,1,0,
900,0,150,-50,2,12,
900,0,230,-50,2,12,
925,3,130,-5,1,0,
925,3,870,-5,1,0,
950,3,130,-5,1,0,
950,3,870,-5,1,0,
975,3,130,-5,1,0,
975,3,870,-5,1,0,
975,0,850,-50,2,5,
975,0,770,-50,2,2,
1000,3,130,-5,1,0,
1000,3,870,-5,1,0,
1025,3,130,-5,1,0,
1025,3,870,-5,1,0,
1050,3,130,-5,1,0,
1050,3,870,-5,1,0,
1075,3,130,-5,1,0,
1075,3,870,-5,1,0,
1100,3,130,-5,1,0,
1100,3,870,-5,1,0,
1125,3,130,-5,1,0,
1125,3,870,-5,1,0,
1125,0,200,-50,4,0,
1125,0,300,-50,4,0,
1150,3,130,-5,1,0,
1150,3,870,-5,1,0,
1175,3,130,-5,1,0,
1175,3,870,-5,1,0,
1200,3,130,-5,1,0,
1200,3,870,-5,1,0,
1200,0,700,-50,4,0,
1200,0,800,-50,4,0,
1225,3,130,-5,1,0,
1225,3,870,-5,1,0,
1250,3,130,-5,1,0,
1250,3,870,-5,1,0,
1275,3,130,-5,1,0,
1275,3,870,-5,1,0,
1275,0,200,-50,4,0,
1275,0,300,-50,4,0,
1300,3,130,-5,1,0,
1300,3,870,-5,1,0,
1325,3,130,-5,1,0,
1325,3,870,-5,1,0,
1350,3,130,-5,1,0,
1350,3,870,-5,1,0,
1350,0,700,-50,4,0,
1350,0,800,-50,4,0,
1375,3,130,-5,1,0,
1375,3,870,-5,1,0,
1375,1,512,-50,2,0,
1400,3,130,-5,1,0,
1400,3,870,-5,1,0,
1425,3,130,-5,1,0,
1425,3,870,-5,1,0,
1425,0,170,-50,2,8,
1425,0,830,-50,2,1,
1450,3,130,-5,1,0,
1450,3,870,-5,1,0,
1475,3,130,-5,1,0,
1475,3,870,-5,1,0,
1500,3,130,-5,1,0,
1500,3,870,-5,1,0,
1500,0,460,-50,2,1,
1500,0,540,-50,2,8,
1525,3,130,-5,1,0,
1525,3,870,-5,1,0,
1550,3,130,-5,1,0,
1550,3,870,-5,1,0,
1575,3,130,-5,1,0,
1575,3,870,-5,1,0,
1575,0,350,-50,3,0,
1600,3,130,-5,1,0,
1600,3,870,-5,1,0,
1625,3,130,-5,1,0,
1625,3,870,-5,1,0,
1650,3,130,-5,1,0,
1650,3,870,-5,1,0,
1650,0,350,-50,3,0,
1675,3,130,-5,1,0,
1675,3,870,-5,1,0,
1700,3,130,-5,1,0,
1700,3,870,-5,1,0,
1725,3,130,-5,1,0,
1725,3,870,-5,1,0,
1725,0,650,-50,3,0,
1750,3,130,-5,1,0,
1750,3,870,-5,1,0,
1775,3,130,-5,1,0,
1775,3,870,-5,1,0,
1800,3,130,-5,1,0,
1800,3,870,-5,1,0,
1800,0,650,-50,3,0,
1825,3,130,-5,1,0,
1825,3,870,-5,1,0,
1850,3,130,-5,1,0,
1850,3,870,-5,1,0,
1875,3,130,-5,1,0,
1875,3,870,-5,1,0,
1875,0,200,-50,4,0,
1875,0,300,-50,4,0,
1900,3,130,-5,1,0,
1900,3,870,-5,1,0,
1925,3,130,-5,1,0,
1925,3,870,-5,1,0,
1950,3,130,-5,1,0,
1950,3,870,-5,1,0,
1950,0,800,-50,4,0,
1950,0,700,-50,4,0,
1975,3,130,-5,1,0,
1975,3,870,-5,1,0,
2000,3,130,-5,1,0,
2000,3,870,-5,1,0,
2025,3,130,-5,1,0,
2025,3,870,-5,1,0,
2050,3,130,-5,1,0,
2050,3,870,-5,1,0,
2075,3,130,-5,1,0,
2075,3,870,-5,1,0,
2075,1,512,-50,1,0,
2100,3,130,-5,1,0,
2100,3,870,-5,1,0,
2100,0,150,-50,2,12,
2100,0,230,-50,2,12,
2125,3,130,-5,1,0,
2125,3,870,-5,1,0,
2150,3,130,-5,1,0,
2150,3,870,-5,1,0,
2175,3,130,-5,1,0,
2175,3,870,-5,1,0,
2175,0,850,-50,2,5,
2175,0,770,-50,2,5,
2200,3,130,-5,1,0,
2200,3,870,-5,1,0,
2225,3,130,-5,1,0,
2225,3,870,-5,1,0,
2250,3,130,-5,1,0,
2250,3,870,-5,1,0,
2250,0,150,-50,2,12,
2250,0,230,-50,2,12,
2275,3,130,-5,1,0,
2275,3,870,-5,1,0,
2300,3,130,-5,1,0,
2300,3,870,-5,1,0,
2325,3,130,-5,1,0,
2325,3,870,-5,1,0,
2325,0,850,-50,2,5,
2325,0,750,-50,2,5,
2350,3,130,-5,1,0,
2350,3,870,-5,1,0,
2375,3,130,-5,1,0,
2375,3,870,-5,1,0,
2400,3,130,-5,1,0,
2400,3,870,-5,1,0,
2425,3,130,-5,1,0,
2425,3,870,-5,1,0,
2450,3,130,-5,1,0,
2450,3,870,-5,1,0,
2475,3,130,-5,1,0,
2475,3,870,-5,1,0,
2475,0,200,-50,4,0,
2475,0,300,-50,4,0,
2500,3,130,-5,1,0,
2500,3,870,-5,1,0,
2525,3,130,-5,1,0,
2525,3,870,-5,1,0,
2550,3,130,-5,1,0,
2550,3,870,-5,1,0,
2550,0,700,-50,4,0,
2550,0,800,-50,4,0,
2575,3,130,-5,1,0,
2575,3,870,-5,1,0,
2600,3,130,-5,1,0,
2600,3,870,-5,1,0,
2625,3,130,-5,1,0,
2625,3,870,-5,1,0,
2625,0,200,-50,4,0,
2625,0,300,-50,4,0,
2650,3,130,-5,1,0,
2650,3,870,-5,1,0,
2675,3,130,-5,1,0,
2675,3,870,-5,1,0,
2700,3,130,-5,1,0,
2700,3,870,-5,1,0,
2700,0,700,-50,4,0,
2700,0,800,-50,4,0,
2725,3,130,-5,1,0,
2725,3,870,-5,1,0,
2750,3,130,-5,1,0,
2750,3,870,-5,1,0,
2775,3,130,-5,1,0,
2775,3,870,-5,1,0,
2775,1,512,-50,2,0,
2800,3,130,-5,1,0,
2800,3,870,-5,1,0,
2825,3,130,-5,1,0,
2825,3,870,-5,1,0,
2850,3,130,-5,1,0,
2850,3,870,-5,1,0,
2850,5,0,0,6,0,	100,5,0,0,9,0,0,5,0,0,3,0,
200,0,850,-60,5,2,
300,0,150,-50,5,1,
400,0,512,-50,5,0,
600,0,512,-60,6,1,
800,0,512,-60,6,2,
1000,0,512,-60,6,3,
1200,0,512,-60,6,4,
1300,0,150,-50,7,0,
1400,0,150,-50,7,0,
1500,0,150,-50,7,0,
1600,3,220,-50,3,0,
1600,3,340,-20,3,0,
1600,3,460,-40,3,0,
1600,3,580,-20,3,0,
1600,3,700,-50,3,0,
1700,1,512,-50,1,0,
1800,1,512,-50,2,0,
1900,1,512,-50,3,0,
2000,5,0,0,1,0,